Kiek bus 2+3?;1)4 2)5 3)6; 2
Kiek bus 2+1?;1)3 2)5 3)6; 1
Kiek bus 2+2?;1)4 2)5 3)6; 1
Kiek bus 2+4?;1)4 2)5 3)6; 3
Kiek bus 2+10?;1)12 2)5 3)6; 1
Kiek bus 2+22?;1)4 2)24 3)6; 2
Kiek bus 2+74?;1)43 2)55 3)76; 3
Kiek bus 2+45?;1)47 2)57 3)67; 1
Kiek bus 20+3?;1)23 2)42 3)63; 1
Kiek bus 2+247?;1)445 2)249 3)645; 2
Kiek bus 2+374?;1)376 2)545 3)644; 1
Kiek bus 2+379?;1)382 2)511 3)611; 1
Kiek bus 2+743?;1)479 2)745 3)644; 2
Kiek bus 2+474?;1)476 2)578 3)776; 1
Kiek bus 2+3345520?;1)3345522 2)33455205 3)33455206; 1